////////////////////////////////////////////////////////////
/////////////////////////128 bits key///////////////////////
////////////////////////////////////////////////////////////

////////////////////寫入需要加密的INPUT DATA(5)/////////////
02,84,11,22,33,44,00,03,02,85,22,33,44,55,00,03,02,86,33,44,55,66,00,03,02,87,44,55,66,77,00,03,02,88,55,66,77,88,00,03

///////////////////////加密(未輸入key)//////////////////////
02,89,FF,FF,FF,FF,00,03

/////////////讀取其中一筆OUTPUT DATA(5)(未輸入key)//////////
02,40,00,00,00,00,00,03

//////////////////////////寫入key///////////////////////////
02,98,F0,DD,CE,DB,00,03,02,99,E2,B7,9C,E5,00,03,02,9a,95,A0,AC,EF,00,03,02,9b,83,8C,80,80,00,03,02,9c,80,80,80,80,00,03

////////////////////////////加密////////////////////////////
02,89,FF,FF,FF,FF,00,03

///////////////////////讀取AES TYPE/////////////////////////
02,3C,00,00,00,00,00,03

///////////////////////讀取INPUT DATA(4)////////////////////
02,0D,00,00,00,00,00,03,02,0E,00,00,00,00,00,03,02,0F,00,00,00,00,00,03,02,10,00,00,00,00,00,03

///////////////////////讀取OUTPUT DATA(5)///////////////////
02,40,00,00,00,00,00,03,02,41,00,00,00,00,00,03,02,42,00,00,00,00,00,03,02,43,00,00,00,00,00,03,02,44,00,00,00,00,00,03

/////////////////寫入需要解密的INPUT DATA(5 ram)////////////
02,84,B0,FD,CA,E6,00,03,02,85,89,87,D5,B9,00,03,02,86,E0,A1,DF,C4,00,03,02,87,8E,A5,EB,E7,00,03,02,88,96,C8,FE,FF,00,03

/////////////////////將key改為不正確////////////////////////
02,98,11,00,00,00,00,03

//////////////////////解密(key不正確)///////////////////////
02,8A,FF,FF,FF,FF,00,03

///////////////////////讀取AES TYPE/////////////////////////
02,3C,00,00,00,00,00,03

//////////////////////改為正確key///////////////////////////
02,98,F0,DD,CE,DB,00,03

////////////////////////解密////////////////////////////////
02,8A,FF,FF,FF,FF,00,03

///////////////////////讀取AES TYPE/////////////////////////
02,3C,00,00,00,00,00,03

//////////////////////讀取OUTPUT DATA(4)////////////////////
02,49,00,00,00,00,00,03,02,4A,00,00,00,00,00,03,02,4B,00,00,00,00,00,03,02,4C,00,00,00,00,00,03




////////////////////////////////////////////////////////////
/////////////////////////256 bits key///////////////////////
////////////////////////////////////////////////////////////

////////////////////寫入需要加密的INPUT DATA(5)/////////////
02,84,11,22,33,44,00,03,02,85,22,33,44,55,00,03,02,86,33,44,55,66,00,03,02,87,44,55,66,77,00,03,02,88,55,66,77,88,00,03

///////////////////////加密(未輸入key)//////////////////////
02,8B,FF,FF,FF,FF,00,03

/////////////讀取其中一筆OUTPUT DATA(5)(未輸入key)//////////
02,40,00,00,00,00,00,03	

//////////////////////////寫入key///////////////////////////
02,98,F0,DD,CE,DB,00,03,02,99,E2,B7,9C,E5,00,03,02,9a,95,A0,AC,EF,00,03,02,9b,83,8C,80,80,00,03,02,9c,80,80,80,80,00,03,02,9D,81,80,80,80,00,03,02,9E,80,80,80,80,00,03,02,9F,80,80,80,80,00,03,02,A0,80,80,80,80,00,03,02,A1,80,80,80,80,00,03

////////////////////////////加密////////////////////////////
02,8B,FF,FF,FF,FF,00,03

///////////////////////讀取INPUT DATA(4)////////////////////
02,0D,00,00,00,00,00,03,02,0E,00,00,00,00,00,03,02,0F,00,00,00,00,00,03,02,10,00,00,00,00,00,03

///////////////////////讀取OUTPUT DATA(5)///////////////////
02,40,00,00,00,00,00,03,02,41,00,00,00,00,00,03,02,42,00,00,00,00,00,03,02,43,00,00,00,00,00,03,02,44,00,00,00,00,00,03

///////////////////////讀取AES TYPE/////////////////////////
02,3C,00,00,00,00,00,03

/////////////////寫入需要解密的INPUT DATA(5 ram)////////////
02,84,F7,F5,CA,C5,00,03,02,85,AF,DF,A8,DE,00,03,02,86,E2,CE,8A,A9,00,03,02,87,DA,C2,9A,B5,00,03,02,88,94,ED,FC,FF,00,03

/////////////////////將key改為不正確////////////////////////
02,98,11,00,00,00,00,03

//////////////////////解密(key不正確)///////////////////////
02,8C,FF,FF,FF,FF,00,03

///////////////////////讀取AES TYPE/////////////////////////
02,3C,00,00,00,00,00,03

//////////////////////改為正確key///////////////////////////
02,98,F0,DD,CE,DB,00,03

////////////////////////解密////////////////////////////////
02,8C,FF,FF,FF,FF,00,03

///////////////////////讀取AES TYPE/////////////////////////
02,3C,00,00,00,00,00,03

//////////////////////讀取OUTPUT DATA(4)////////////////////
02,49,00,00,00,00,00,03,02,4A,00,00,00,00,00,03,02,4B,00,00,00,00,00,03,02,4C,00,00,00,00,00,03











