02,FF,FF,FF,FF,FF,00,03	      //第一組測資寫入
02,7F,00,00,00,00,00,03       //第一組測資讀出
02,FE,04,08,16,32,00,03       //第二組測資寫入
02,7E,00,00,00,00,00,03       //第二組測資讀出
02,7F,00,00,00,00,00,03       //第一組測資讀出
00,81,11,22,33,44,00,03       //非02開始
02,01,00,00,00,00,00,03       //測試前者資料是否寫入
02,84,44,33,22,11,00,00       //非03結束
02,04,00,00,00,00,00,03       //測試前者資料是否寫入
02,85,12,12,12,12,00,11,22,03 //測資數量錯誤
02,05,00,00,00,00,00,03       //測試前者資料是否寫入
02,86,21,21,03                //測資數量錯誤
02,06,00,00,00,00,00,03       //測試前者資料是否寫入
02,87,AA,AA                   //測資中間間隔時間過久
AA,AA,00,03
02,07,00,00,00,00,00,03       //測試前者資料是否寫入
02,87,AA,AA,AA,AA,00,03       //上述測資正常輸入測試
02,07,00,00,00,00,00,03       //測試前者資料是否輸入
